-3.65256715842860	-3.38539693294786	-2.76572364724089	-3.95207052661945
-2.63071904523996	-2.63914860743355	-2.76230384635178	-2.58870669438034
-1.74237435378295	-3.31899838598333	-3.43395368804286	-2.94073746924499
-3.71408823264465	-2.33868570027153	-3.50339373589949	-2.24966160165430
-1.86787727056849	-3.39935237874698	-3.28243612617517	-3.49530791845508
-2.23026341860696	-2.63845118155037	-3.31341220001958	-2.12546795382532
-4.20578573690422	-3.03389594117418	-3.90593561892521	-4.07602559762564
-4.48021557272006	-3.69162129947224	-3.37534251739479	-2.72261400521313
-3.15765382633476	-2.86236114578324	-2.58097279737011	-3.67084008845741
-3.23069290274355	-4.12292601922441	-2.88541914282653	-4.27608357427876
-2.06668768629901	-2.77578504536055	-3.23853309819468	-2.41589274528417
-2.74224935945202	-2.71782535476704	-3.04485437339167	-3.41002583696077
-1.62803130047857	-0.715537912572192	-3.49576045878194	-1.23896688673995
-3.22354921391042	-3.99753309567989	-2.79915645112159	-3.64068545257515
-2.36622560607854	-4.17810334620743	-1.93572222624641	-2.50616471209753
-1.70754311667733	-3.04662864098029	-1.69256983633592	-2.07470325867626
-3.60284997426752	-3.56903168168994	-2.47109998343398	-3.98594829550093
-3.91287703863817	-4.05997212950597	-2.40115186031554	-4.77505913073058
-2.32594201155686	-1.45465029697895	-3.41347159304344	-2.75541631346552
-3.02738690907250	-3.32087738711713	-3.28988200945368	-3.28974917424951
-3.44454921303326	-2.67998994928290	-2.37742941066420	-3.62131040460398
-1.87430710393320	-2.21648307525217	-1.45123009591678	-2.34753292814971
-3.22850644434600	-2.22572084017699	-2.70108460759578	-3.26083575244005
-4.59844226224387	-3.43491368899615	-3.81470739450348	-2.16740735102969
-0.573114203217836	-1.50088976881721	-0.659508561864695	-0.837357273342149
-1.93468272090944	-1.05056549227966	-2.07447246419897	-0.790162883509602
-1.68979685976953	-3.96392947480427	-2.08324818178064	-3.02572362868275
-3.71231588984326	-3.33311459620408	-3.12611551249450	-3.96310724403239
-2.23603622524642	-2.47095888671236	-2.99075029452847	-1.94865631617095
-3.05445868986641	-4.20347956313556	-3.98034004620493	-3.87604675471546
-2.56651900815167	-0.418705692484760	-1.45832714761881	-0.740741448779801
-4.71454876409336	-2.85466339939842	-4.52768138136731	-5.01098149514213
-2.10966158664943	-2.67974533196610	-2.36534218095094	-0.929767480559113
-1.31032777751843	-0.212014446198869	-1.78937271086261	-2.64494010155501
-1.94484077545013	-1.77171366945773	-3.27027594021539	-3.33074367108434
-3.49734230682126	-3.48843527451729	-4.88917289406644	-2.53040805864573
-1.97570208563224	-3.03090505093975	-1.71992353467066	-1.95919461504676
-3.45079595505693	-4.31683880059619	-4.68234858309036	-4.10703557742774
-2.70184951865379	-3.34056057876932	-1.19856750071617	-3.16449594681963
-3.53014536019058	-4.24505426547141	-3.44969578989043	-4.78935987634790
-3.09226538333719	-3.32528914112657	-3.19230470050542	-1.96008368223741
-0.979333746753657	-2.19143152076891	-1.54769732537975	-1.10585227339097
-2.87832500689492	-3.25195130339278	-3.69966377873067	-2.56486204924423
-2.39137512171309	-1.49928155025059	-2.83424177874577	-1.78148963881612
-1.34963678937534	-1.62499243766903	-3.23319246151206	-1.83497641226623
-2.01013389362861	-1.71623528081104	-2.36384212211607	-2.64464021280909
-1.95886801763437	-3.18425692280818	-2.20363692473398	-3.37217209134911
-2.86826881977291	-3.16813324023346	-2.84911510142984	-2.10141846821478
-2.51286742517540	-2.81596683275446	-1.48095288027615	-1.47165109643868
-5.03934202955817	-4.37686742626563	-5.39039621016645	-5.74460030187524
-3.15969983657029	-3.22170411961331	-4.47230682688555	-3.25992841878158
-1.06584812482776	-1.98314519680219	-1.95852589367108	-1.64544118150780
-2.61832225337021	-2.94720649365637	-2.74394610082804	-2.07074564712525
-3.75018842521344	-3.89482520785181	-2.48796144294669	-2.78981313741813
-2.46173838091659	-1.82326207063286	-2.63889653410852	-2.37622151520588
-2.57762393109714	-1.13744751142675	-2.67943336532877	-1.17278645507406
-2.88616860835120	-2.35504738049790	-0.957116797547431	-3.17887754191922
-2.46845906023158	-3.15146533914922	-3.38353933357576	-3.38835756274229
-2.73631006897538	-3.91511082848917	-3.94327781549069	-4.08644214312135
-5.19553019132626	-4.97945001992399	-4.70641157539557	-4.83570505925583
-3.10403888385577	-4.30251148626769	-3.58612144745094	-4.20970811634919
-3.07440819854122	-2.92516738726446	-2.30812064932698	-2.73747881002721
-5.13765968440075	-4.46721098237339	-4.29757449506441	-3.00229263126717
-2.72587772943853	-3.87152959878435	-3.75733105188041	-3.55621351650613
-2.87910422168164	-2.53503818092589	-3.00249178333757	-2.24918255947463
-2.36014926724255	-2.53038306625549	-3.74306632877373	-3.27463667964145
-3.06108482718437	-0.559127694093524	-1.95736940997914	-2.52915516472544
-1.89620058383167	-1.53203461704813	-2.82701297627856	-2.33996041968787
-4.09586751766547	-4.23096611359214	-4.11789674220687	-3.64589373884540
-2.89004857484803	-2.62996267152894	-4.68135729208035	-3.79641981975689
-3.14902029788163	-3.24332295246857	-2.39236244217332	-2.37482386442130
-2.64595450803154	-3.34124861169639	-3.17772178228108	-1.88750080840897
-2.98231730586418	-3.38984514705232	-2.80813235200763	-2.54545647119082
-3.05799370148695	-2.71515334784114	-2.62444119059397	-2.47996828306225
-2.10801678898773	-0.587013084042758	-2.48267757830538	-1.40222689105216
-1.82559051350589	-3.50229039742252	-1.88064930421908	-2.60280938136609
-3.80403331291232	-3.20105398805557	-3.17772413827029	-3.69430524560484
-2.58399851112146	-2.93230494048367	-3.72040595777362	-3.52725452197720
-5.25371468610345	-4.03178027220837	-4.99301074279936	-4.32063670673362
-2.97288839249903	-2.43497432986614	-2.35386586884388	-3.11794925752855
3.00252323485985	3.80003012402084	3.52476470147785	3.29006355283668
3.28196341360713	3.71464651062217	4.26359585393498	3.53776757248909
2.90035145467883	1.46963330008625	2.21870988674192	1.76599747513065
2.32680629817047	1.52169417206460	0.744791270709738	0.457716113104990
2.22036558854691	2.88941551890208	2.61421752336567	2.84290858112612
2.35208358459598	3.02691029505544	3.06933836264929	2.63307217036801
4.25652889318963	3.69079155611354	2.65116350502741	4.93305982351144
0.959431809686419	1.43800546042888	1.53539839532883	-0.423873668284841
3.53834597865616	2.63772949216925	3.68149614196352	4.28293013837813
1.83788463821749	2.90898100552312	1.88221459960524	1.78026256728180
2.52967130770470	1.88629270404274	2.61391441121953	1.99853628457239
3.81398766337300	2.52694038986608	3.89352191524083	4.52685643690130
2.39058840840057	3.18216958584366	1.83460882590033	2.01032536705990
4.13288118794184	3.84046670209819	3.32258697881472	3.58877923982158
2.38371317435770	2.10485316092667	1.89591409261391	3.35851326916050
3.71383582876562	3.41786582567551	2.74272333527392	2.14874338591326
3.32360546878583	3.36829708691447	3.53466231882988	3.10509105079290
2.96037336456692	2.81358151892549	2.78409307113175	2.75254543141870
2.49713706473218	1.90799413972156	1.50012683965069	2.22809204376990
3.77284038128172	3.82781433712758	3.11333502916922	4.04273868370508
2.39880291563514	1.86085667251684	2.81690846282339	2.88390317806767
1.36731751948157	1.50524733978251	2.26670110357500	2.54918932439377
2.78831900780293	1.84042225700818	2.29017138286480	3.09406344468129
1.75830961388944	2.24611254785888	2.18893064552046	1.75788846045860
1.82021568824551	2.80295259699207	1.50525729560155	1.99327200990667
3.55998931526986	2.97172008899584	5.15241031724181	4.73939957974540
1.95745027546588	1.45515955003798	2.00892457666085	2.14980946111829
3.01469133991292	2.37695071579073	1.88969369988228	3.23204843930386
2.20681901192990	1.87114163051437	2.90638586229141	1.98241752768411
3.88842565387000	2.00712561659420	2.65399115834208	2.55955286710996
0.340806352312907	1.06232766558205	1.51081677487821	1.25932463856212
2.53409760450467	3.83367684053714	3.24950377690846	2.32161430798014
1.58575065612375	2.41910032369448	2.60481490696681	1.82617381611189
2.35557382142130	1.85568820676055	0.869222520534292	0.216028802414336
2.81478719352350	3.16465854203151	2.37393823204633	2.86383833123461
2.83091725939721	1.61204349394995	1.76166342443411	3.38424221085820
2.92825592494716	1.80267757611200	2.51952164208760	2.15483405455415
3.08973596087916	2.29653789889173	3.08087022409714	3.37021480244942
2.82477834416648	2.98556651756923	3.02817526341242	2.93768690556117
4.27273023007971	5.07772869940903	4.18201479303960	3.93514431694103
2.09984610188362	3.77027514507762	2.64984228338918	3.74051570721435
2.51990113165218	3.41722150738614	2.23020671088129	1.08698607935633
4.06907245335814	3.44406121454574	3.85412134055355	4.83247747872404
4.10199521923349	4.16897146373800	2.80389345142673	3.73881841329137
2.59151092739829	2.02269356898052	2.02513571313180	1.80389994292866
2.17358615557502	1.82347209543282	1.24789202308506	1.56950553783292
2.03665486730077	3.58586858166790	2.14080346058131	2.80218063537928
2.20526012703687	1.60215695317307	2.44234893498226	2.42903751939326
3.82452548677955	2.19982460984185	2.32768814061077	2.42181278704023
2.48928286343108	3.00234142889236	1.48781061471208	2.69329583504253
2.52376146522039	1.39455610411552	1.42652104544020	2.56819009649369
1.95911280513658	1.97945034842311	2.14182151453016	1.69668694416157
1.69227523409002	0.788240834405610	2.03573562000313	1.02797062932059
1.48326389761288	1.21599159073066	2.48958140142104	1.93147266387933
1.44154434430345	1.92895412968522	1.72813223980581	2.48306463849730
2.47582769143894	4.63102240948375	3.76174252545906	4.37113399499134
4.23789930237559	4.56135101248584	5.59181816862283	4.10289274878762
3.54273071794124	3.63025706636114	2.06261849298942	2.35033930072373
2.47778404150648	3.02259247240596	0.979949989153562	2.38393552754935
3.05639404005578	4.89020615407177	4.63469907763198	2.68966231445052
1.34271181779316	1.16900181115411	2.35352591548570	2.43299780852606
1.99233528233532	2.30891216455627	3.34640883935863	2.30157803768331
1.08974001300212	1.42995844149593	1.58930072452651	2.35087773702244
2.32392029189406	1.81284505880568	2.26829367282033	1.54656570081449
3.64726082954897	4.23257745354906	3.38963824882593	4.05730576692565
3.71019683199938	2.68432574119518	2.85654834470248	4.33032021762278
3.26535653863930	2.00320774969002	3.53864098495153	2.52027272330420
3.19133743028243	2.90792687147901	2.76124925976764	2.50558185992788
3.64826074668273	3.12060367979053	2.34985103358670	2.83611507416057
1.71628387161176	2.83259609484717	2.44353167189250	2.94797758045548
3.34248970955373	3.13875315769926	1.99693604297419	2.80846339722734
3.89198025389240	1.83185567098098	2.82454047723504	2.19170227420942
2.24634948149652	3.48397569713483	2.38203130974805	2.87793430463503
3.24759601798371	3.29522053439822	2.24666676775976	3.82026918137193
1.89822173543431	3.01377778101586	1.99289739163880	2.52922295016365
2.90105568648747	4.16453734190801	1.77767724066614	1.45660002570338
2.52259355914115	2.47627060208823	2.92561885052651	3.07763253549774
4.19374714381827	4.18529899055561	2.84097796597485	3.32634345611307
2.42287341286725	2.66053211138135	2.74515690230224	2.36788251883693
1.91000809848200	0.770256294008014	3.23205376883725	1.47194992428499
2.14722154151741	0.915649446759508	3.00943957807611	1.80206927720817
3.38277640904579	2.95792254918328	3.12115238010913	4.42893746493506
3.58798094585638	2.74683600302680	4.31730011527859	3.36272361646385
2.19017031846203	2.73442420654909	2.34086980387175	2.36047912545322
2.89390533273336	1.93432789315961	1.60029168005235	2.50112225459049
2.59487966904022	1.84234663780809	2.56037899387595	2.86354745305572
3.61976764237211	2.14076701877788	3.26566429934474	2.94776699795785
3.51600436180078	2.98413068220176	2.70865372688517	3.10529552292901
2.12402059435002	2.30377010213090	3.94406018067157	2.71607375714971
1.62382268024254	2.47226016464622	2.61387472636234	2.00669066580653
2.54624375115679	2.66716532851138	2.95106116160762	3.27829969436232
3.64919143910844	2.51858770271996	3.27556194191865	4.97355287090403
3.70103604123626	2.82099838659429	2.98684905697566	2.68656564675385
1.94562225489438	2.77436852971640	1.73119895501900	1.88477027510000
3.00921450566080	3.00347407677892	2.38552593320207	3.50081558946289
2.37835548995037	3.41967780350363	1.93588720592555	2.05382653072141
2.54199627991748	1.86826201607624	2.86090717014171	2.77225272721473
3.05667339968923	3.81010543473677	4.19755728120174	2.97503860682545
0.701104914200219	1.44327374552529	1.55148098993470	2.09675778416306
5.20008535629630	3.22893980113221	4.28034240402064	4.75012152162313
3.00585973982833	2.39966698927510	3.63605143821506	3.33393269906627
4.02806663978710	3.93116278255492	4.05197086133029	4.05091717668010
3.26517460654564	3.19050103496777	3.45369000414078	2.81943881689582
4.37845842099283	4.05252251365588	3.61641652020312	3.41979694371121
2.09426751695490	1.84482790154469	1.85917105381697	2.12234061372065
2.26719615953161	3.24859298509050	1.64500214031739	0.833303561642148
1.57079299252014	2.74807466561475	2.70077363464576	2.80716362181701
2.38193644835535	4.23619420917023	4.04904733514319	3.64712236067835
2.92094645325704	3.90800088663931	3.64044701190405	2.60131526941002
0.958102980473269	1.60662167574879	1.36522157635029	-0.456580531012045
2.49750845674560	1.91346038724317	4.04520562171000	2.99463539883126
2.43414447756824	2.27117656861168	3.31239035252510	2.81523083455001
2.37949707503676	2.74470056362634	3.12097913555231	3.68891434547257
1.86098887891241	0.848780684754068	1.41083395350151	2.90009713627444
3.70316943788594	2.50799732692553	2.08084711903465	2.41989998057671
3.77023419866104	3.81261755619214	3.70626776560414	2.94915317809163
3.01418018729872	3.28995316070171	2.46918771276640	3.77438670761877
3.25563856191168	3.23249756753227	4.01610360509058	2.68903209556571
2.94353772976421	3.25084101402778	3.26822208482358	2.67959725095197
2.54786026773051	4.49305900371909	3.31300658300364	3.19667267905814
2.58745892455469	1.81975609186496	2.54010289062737	2.18323370349340
2.95693483465267	3.21060512788135	1.92715978500200	2.33531573621858
1.66549863829230	3.03581287576118	1.43487270132108	2.47725241973187
3.98449842813555	3.93452649116107	4.85482441879387	4.67643810028892
1.50745592972528	1.65359207599924	2.33316187798348	1.80450227429373
3.26931772499288	3.98715260911813	3.97225727792327	3.17687227313939
2.99459955781915	3.20552164324565	2.35863524459025	4.41548756081518
3.27989878656978	4.80686639975747	2.15740028030739	2.94935147615592
0.848714122287017	1.92639554708653	2.96939674086325	2.78922510768825
0.535254653215839	2.20111360150455	1.25773078541058	0.729945197876624
3.97441839068644	4.65987699917895	4.40986887594556	3.20465302414181
2.62239445802912	2.63716913505516	1.67302225573331	3.04570694312946
1.32789573983957	1.47882226778469	2.39441830356773	2.16239140991074
3.58723370426096	3.36823495003951	3.22076109955365	1.86323894770252
4.25004075967999	4.62848029961038	3.46997796891622	3.86638372032507
4.95948499081721	5.83922318249232	3.29386035944997	4.34322386358271
1.80560983011267	2.07128067105305	1.57576623353656	1.33072734705164
3.78731508965251	3.15748661558440	3.42376830690949	4.64505767471335
3.31674478542014	3.78093780905958	3.60533455582215	3.90605302122451
3.32938949233371	2.90249957078433	2.91991501705308	3.59550668978420
3.59607983209598	1.82674383834988	4.63798517133757	3.84530125033095
2.92141287358690	2.25536044296406	3.69264065282103	3.80223562860780
3.14897007551565	1.43895077167433	2.38951835970381	3.62723982157350
1.77441771829389	0.386027741019387	0.815378008714568	2.29603340540144
2.03077141265155	3.53577607200415	2.98043198589343	4.86613364178015
4.57798052025351	2.33879041779956	3.14366442587841	1.82015576215413
3.26251619855082	2.81353892828455	2.07113501623534	1.51464860570744
3.51129354807168	4.08444203808201	3.30716133895374	4.11859796302738
3.55210124595101	2.25629693408556	2.62399810236243	2.64257750853700
3.09066673016377	1.29681291180026	2.18485910588615	1.90650689372381
2.86748877149083	3.12039530445981	3.40946476447991	3.74055925650787
1.82352226281476	1.21181692000911	1.80543845465001	1.90394143700200
2.78420641981694	3.42308723629888	3.15184314701258	3.73113765165193
2.65614938603497	2.93276172135832	2.82809495278878	3.40320193217704
3.16137419593836	2.56519142394750	2.98632492471583	2.51200126663516
1.84127277543651	2.42922374738617	1.39793584339511	3.18131782143887
2.83688044398571	3.04656544650728	4.31396911748237	3.22326389365590
2.49908179072004	2.93469363046031	2.63010204885620	4.07664568993316
4.23717417371218	3.06096479598479	2.50976142789283	3.34360080904419
3.76072034941597	2.46933502409136	4.13946142180289	3.19100050912474
2.20561751097188	1.85793059015548	2.50836435497111	3.28813628677632
0.277742797286150	0.416468585979793	1.01496910956678	-0.0961183994852664
4.01033630120921	3.22992704195584	2.36918862876544	2.81249897820615
2.90211749769008	3.22273330519936	3.58586660709247	3.99155421910029
2.56613422104659	3.43551168945606	3.18577631861314	2.34851837771885
3.50496303226900	2.52949821565133	3.54263623338272	3.03528178767640
2.05681713731893	1.97404553475458	3.66728931401068	3.51675569469081
4.33096034331792	4.87552727456301	4.09763421987556	4.48357806513040
2.75516926343730	1.65153936392109	2.41457750267687	3.01557176347698
2.57651376247294	1.98279300301040	3.47265816758725	3.62935250043953
1.96170438735443	3.43317320754665	2.07743143729842	2.48591318949237
4.92085989366793	3.60279279846211	5.54061439067109	4.25363748760019
3.47804386875430	2.28197214279400	1.80427451633993	2.66527070329505
1.30414740436877	2.95976691565234	1.74944485618857	3.00406208341471
2.59334302677490	2.24231832364920	1.29720499276484	3.11408374025008
3.16176191185147	3.02590732522369	3.01167053375610	3.12310164832543
2.72862926604945	2.79331436491436	2.45744320624964	1.78356111438379
1.72378056828766	1.47631211369172	1.53039513557162	2.79095570305194
5.53078325254502	4.36604837661611	4.24256587415342	3.73562589722949
4.53077894818740	4.27735120426539	2.98749188932622	3.80269268859369
3.34296276323001	4.61005310367372	4.18197949675025	3.90437438217345
3.64038231947329	3.56333394161207	3.50923126512657	3.77315060792843
3.56771245648950	4.10386940663054	3.17945786818779	2.81661660486268
3.20430184602914	3.04659478666634	3.31429286919136	3.03626742209406
4.06615922375285	3.52997792554700	3.05084626608917	3.08494109325138
2.66327446858338	2.76203110591172	3.81559032223256	2.64129547255303
3.30427690411262	2.74837343925027	1.52004736574532	3.74989299070752
2.63388806467511	4.00676402463390	3.54055450298818	3.87680872243268
2.37560902077556	3.30044780594360	1.84679562827108	3.00403819806660
1.90451379223109	1.42495318458629	1.49973050218567	2.17903232781361
3.14182348996987	4.76214505740983	5.45035417257190	4.36832246489400
1.58476704209137	1.75827524851537	2.00472025050935	2.88587047533444
4.18744384009744	3.21421068072066	4.29346593558863	4.17636128178683
4.03880352771594	3.22741078573390	3.69315629087981	3.71505061638592
3.93931860158196	1.49709806337084	2.43498205884432	2.50614611794712
1.91221368418649	1.61428829604855	2.26962666479302	3.04670577804609
2.51404677642054	3.49610063551709	2.38736857724855	3.22683816461762
2.39548911609516	2.56591836720801	2.89342242988771	2.94300798009606
4.81432711850144	3.52745049816078	3.33878763476623	2.70921597025392
0.972105367132357	2.43920910096256	2.67006496781685	2.17310293273572
-1.60643308162536	2.96991392655051	-3.36304092955630	2.16721317944437
-3.90646730442602	1.61499660769405	-2.47382174656837	0.936729445078807
-3.12854671906737	2.50725145453017	-4.21861013184761	1.71580715026663
-3.13609454315139	2.77841791025317	-2.03588930116496	3.60213014005628
-2.91936053439669	2.87185419231054	-3.27225398593445	2.61348175510655
-3.35576278834835	2.60495747059521	-2.45812765178916	3.16746742398752
-3.90847565346629	1.97591703909756	-2.98363276720562	2.86833239677225
-2.82102484518092	2.65844639737170	-3.41895290815873	1.99175167803009
-2.32930041387948	3.15175405285238	-1.87658609218026	2.99638368147268
-2.64281552542244	1.35663565780785	-3.23845571741048	2.15386101100397
-3.73363653940570	2.86867919835019	-4.44386928196365	0.781565793868507
-3.67613633581276	2.22902891445632	-3.28177635747876	2.29979182746162
-2.76760963919991	2.19673019352785	-3.31598850066454	2.33071239270596
-3.52308035761575	3.46682231078449	-2.63652596977438	1.67643424518995
-1.75014525639513	2.48083147175129	-2.15458617403373	3.48776264060690
-3.45132160597467	2.39838677214862	-4.13000916958914	3.15085381874960
-2.45009409561950	3.16789998351464	-2.53170360670299	2.58121023754468
-3.28577465232562	1.19171392495675	-3.87431644205570	2.44408680575085
-4.77879844353421	1.61795635636502	-4.00265781039837	2.15246843836473
-2.73969225653708	3.41165180581778	-3.19448243987193	3.24400171861859
-0.793878335852160	3.75466266014600	-1.05699844016995	1.67214747328129
-2.61862278523314	2.52648384727629	-2.49518304882919	4.10921357300320
-4.64541543349123	1.35730428708840	-2.50983532915694	3.31599948943560
-3.89165539636504	2.52469359707593	-1.77431863336770	2.31705454849551
-5.65685667614372	0.396735165206128	-5.23246112569800	1.90601877893137
-2.27403102314758	3.19519023119476	-1.96589914079149	3.35571452666964
-2.38578394086817	4.61864085189616	-1.10269920760959	3.81547281310885
-1.68872997935559	2.54487568908910	-1.42291429887165	3.93956178321011
-2.31901425156665	3.42870755081501	-2.11292884814374	3.25846401263170
-5.25895499877622	1.17481450281024	-4.92908077045722	0.730543769718479
-1.26457706535171	4.13418030120517	-1.29362285420889	5.13673214687679
-2.96730869704902	3.92691465573375	-2.61058852156421	3.68263158078589
-1.86562462028565	3.28497714173395	-3.52404519892498	2.28382549872472
-2.18212906211139	1.65690228134594	-2.44061342675732	4.00912738212748
-3.88763143127400	2.00016626936762	-2.43500374313760	0.902648619140519
-1.81103279708972	2.45936478313074	-2.32695334571175	2.86187432229726
-2.51803722971284	2.38573830755620	-2.10232121189893	4.17764192823400
-2.48867405123059	3.08559086438013	-2.71629714041880	2.65627534950803
-3.16486959928002	2.35740394291120	-2.89336770371420	2.59476338589533
-1.78250677470669	2.92705664739505	-3.66903899461087	2.61500660068143
-3.80414546767590	2.06206948772512	-4.19966768188521	1.38376701950460
-3.01495544338025	2.50681854615999	-3.00826299199517	2.63171826499201
-2.84127897287333	2.21104033239350	-2.24895079668142	3.05820072210686
-2.50063575068037	2.00063455285950	-2.55902500384943	1.77524565189363
-3.40091167441815	3.09776718262465	-1.59404367125998	2.97524412987076
-2.64238033529548	2.97521999824142	-4.73182315514347	1.54034289840578
-3.17385495734050	3.29223926868236	-3.78496265314434	3.53603155207833
-3.20904675833651	2.83979735493529	-2.44934765044917	2.50961709465732
-4.30916806243943	1.53513303209832	-3.84089491640084	2.87634638959585
-1.74633148347325	2.75154487418079	-1.39764332859789	4.60101405988483
-3.95899453170728	3.12912951176211	-2.29144062989567	3.80012555816835
-3.13704799047024	2.67537005167085	-2.42072631211883	3.62896228914399
-1.67002653645680	3.74331924547865	-2.73166499087423	3.45591726994619
-3.27465516905726	2.31011764406626	-3.61862005561828	1.45206857008820
-3.32271941581648	1.95945718006287	-3.39769185920950	1.66274763701776
-2.58800816530692	1.57544444800633	-2.26697327305739	2.83569951930145
-1.90805228725977	2.30116105663614	-3.90214565694385	1.44190624058406
-3.67792844168775	1.65388521934065	-4.40140471124554	1.39955701977004
-1.37935461174523	3.87875259045818	-1.91416128399351	3.79875343225030
-3.17204835512796	2.45313339026745	-3.84107888478725	2.93782321205286
-4.05548337663159	0.495024784718930	-3.94904963057149	1.42850547199679
-3.53977241889939	1.74659912540897	-3.17851223729285	2.26461796277537
-3.59209326643555	2.30933672334919	-2.94467982070327	2.83546611205219
-2.38979657268514	3.09874948124441	-3.47501383231936	3.52353645008754
-0.972675765692854	5.05984987761563	-1.52580200721425	4.31137162852453
-2.06099015100349	3.81949195322155	-1.00545128820164	2.51181552581699
-3.13569567974466	3.02029475071805	-2.56897562079452	2.28410715161638
-2.33123972051581	3.47486260140727	-2.83209870270197	3.06483040913385
-3.16348251574067	2.32486510554450	-3.82523586507762	3.05555035304324
-5.17193631967061	0.783040626999865	-4.99509749674835	0.847384814170142
-3.04801149738243	3.63891308824947	-1.70319013190386	4.90646668631474
-3.37406391553507	3.25745866676888	-2.88220112490666	3.26349920022331
-3.20102761635449	1.62864157919463	-1.86537111175742	2.74811398955641
-3.22893651389736	2.87219657919458	-3.89607416485376	2.38467508452476
-0.0534438472907484	5.65714737140898	-0.0694791170224196	5.84970309664429
-4.46482700318841	2.39127223988391	-4.54034502609581	1.26984421660897
-4.34700023806572	2.01932563897701	-2.51686490168707	1.69087056009414
-4.03157601696988	1.78273641673855	-3.86071959350691	1.23868053677673
-1.50578776810928	3.81724997868365	-1.83502686339256	4.47055302103189
-2.80397426392584	2.54248227388787	-1.90300214252945	4.37649464754098
-1.54347249860837	3.60695873523001	-0.776540405205258	4.23153807522350
-1.68553624138207	4.30446450728900	-1.77732744141710	3.00308252641443
-4.31674008645484	1.43160820420152	-4.67665519962683	1.32401966430907
-2.70292652162750	2.96955911984054	-2.59735797540824	3.64600936788411
-3.16395850452282	1.63180475984139	-4.10472406579851	1.95809550977069
-2.95660123826284	2.77113651903732	-2.70589032047032	2.45676273709861
-2.96975846195911	3.17577485358578	-2.76971116302114	2.00789803713860
-2.82395937639816	2.86245151642870	-2.45953203066974	2.82059931113430
-3.33432144305024	2.46263958272966	-2.66946601769607	3.09498475336602
-3.43600144902403	2.47803818513173	-3.20745837882878	1.66942728945368
-2.64760557699506	1.87137860404433	-2.36466819219925	1.94971071715410
-0.593833366964278	4.01507494436633	-0.950724489529663	4.54504111270833
-2.63882412173857	2.33849737212051	-4.30395347816462	2.43733870720635
-3.06034999890321	2.79813006692244	-3.32061341529825	3.53066083874086
-2.52273707870585	3.07847213419185	-3.15277535938998	2.92860905414853
-4.59827539814704	1.69229667103314	-2.48033719891753	2.46147692594275
-0.730910521886595	4.62755271556908	-1.47364825129312	4.35198322535414
-2.22248893641098	3.80849510063823	-1.77359108628271	3.43398007216924
-2.63830492946197	2.80955809300495	-3.41319270414078	3.32998345537488
-1.54590475841961	3.98264284328399	-2.00039945297635	2.98475078406791
-2.20585631345944	1.95722337629138	-2.89911776673092	3.20049382949059
-3.16753791550840	3.02517878623111	-2.06537913857578	3.58887615711744
-2.97196790605728	2.70343613164644	-2.77793762969711	2.33526014954804
-2.06225410280706	3.41419520063111	-2.49360727008701	2.71732645056789
-2.78991885093470	3.35021306104657	-3.10766834379564	3.30546317710346
-3.67025042188411	2.39091740236202	-3.74770510179164	3.01498428097904
-2.96829731892388	2.03539110742241	-1.80184698429028	2.48181361772124
-0.651133964637329	4.56764876641303	-0.947164923893409	4.35485106251640
-3.89139715155394	1.60770555086230	-3.67575836882000	2.55345723299842
-2.84859538350412	3.46021738390422	-1.81968194897980	3.50284436356881
-2.14140803073108	2.16165937772874	-2.85158216492524	2.84678640087530
-3.01343041173764	1.87160082090786	-3.33369030436034	3.00985331661552
-2.17295494074768	2.97083510169508	-2.59728208017047	3.24141026869975
-3.72980757277778	1.92781275311230	-2.75900287919029	1.25085825723220
-3.79960612694123	1.22585103410771	-4.59523151185085	0.0554703259294240
-3.41087102001198	0.883200293022645	-4.91449742404546	1.86108011647048
-3.01926588743738	2.55177572358976	-2.33682567634000	2.33581722941379
-3.74945713073183	2.50727281026782	-3.69739742037070	1.36845807059411
-3.85771493232886	0.493058358383543	-3.26214949261764	2.88557388555335
-4.30185475906888	1.97762866612969	-2.72324289016089	2.72061948796360
-2.68364390303805	4.50226006882016	-1.96570802890383	4.06443179119406
-5.34325017520186	1.72683623581529	-4.47801652260763	1.68440846241142
-5.24567452516617	1.36408208286017	-3.52540564448263	2.11515820050477
-2.44443843842046	1.25871931920709	-2.98200664210423	2.63302405308268
-3.80381983143931	2.85070528788060	-2.28651687419794	3.83668460817465
-2.40729770715952	3.06185498778280	-2.15613872060760	3.78721361851341
-3.26646110201767	2.30438504247981	-1.89748657903088	3.10387794261753
-3.07204809183399	3.54639930294491	-3.30522025445262	2.09595408908770
-2.52419334415951	3.28214603741829	-1.20649939819272	2.83898748648808
-4.02823043195152	1.96012182200949	-4.44105475619534	0.687904157847437
-3.24068075830236	2.69754858727095	-1.69716116895848	4.70883201406226
-2.86055684644815	1.46065999037596	-1.82208014483843	3.66941519997756
-3.00815498039709	2.38533884963441	-3.80524969502123	3.67241433353033
-2.16670140631430	3.49691135627909	-2.51717753341143	2.94401384524200
-3.05319522890672	2.85718316744004	-2.25959107118176	4.29725945210272
-3.51777777698721	2.52690138995769	-4.33076649107749	3.24486062744543
-3.16517061442522	2.72767962178054	-3.32297374804317	3.49962668465436
-2.49731682989046	4.55488246693419	-2.92035989986163	3.94278661761955
-2.87535707248681	2.70743896121941	-2.97944143745195	2.18962427550807
-3.31034611069208	3.41181581273523	-2.73530570070104	2.86100677034729
-2.95317435391476	2.16351982043923	-2.92815680413107	2.37830481164882
-3.77155235197177	2.89508781409620	-4.08618387933911	1.75752451704246
-4.14714844455424	1.28987105075840	-4.07103679765425	3.28979385776249
-5.15618141666949	1.02544348418879	-4.63766385771141	1.43194399334376
-4.33845648141769	1.45105265381692	-3.42201019342924	1.21968259983758
-2.82323783207684	3.12118392689392	-4.13290136627436	2.62068880377976
-2.75581455986440	2.34001211686391	-2.97891643264621	3.15176894795133
-4.76440897473486	3.64915948631586	-3.93565030989704	2.59017980340245
-5.03407081869372	2.09832320602094	-3.24810069812858	0.330911024199008
-2.87492824972980	3.42683794733939	-2.76747633050156	2.55602165836684
2.79121601325102	-3.67270359893743	2.18379791834156	-2.62965652202903
4.93094964960466	-1.53115637547424	3.40621643841566	-2.12845920023118
4.12514196168308	-1.77077076149591	3.77010068326765	-2.34902225362015
3.14313299625249	-0.835481043324881	2.61089466523228	-1.71433004011042
1.94665877740559	-4.34580297137759	3.39319410680073	-4.11407843772943
3.80181604410353	-1.92512872162589	2.70934795883361	-3.30466017609666
3.13828428348552	-4.86055615190366	1.13044769352944	-3.54753973939236
2.89031125586716	-2.98328427641612	3.09653403887828	-2.88325315464045
2.16977908422761	-2.81372475018765	2.46731882347311	-3.10589141764398
4.21644694599300	-1.64685329251298	3.57146957149321	-0.463226562117761
2.95300056967767	-2.58025936959765	1.25934987531187	-2.63528721024900
1.75663520217238	-4.31873638283605	1.73400524899808	-3.46921805508109
2.19380051982370	-3.32974688335251	1.78927317134016	-3.65007787771779
2.63042346793052	-2.90917142470026	2.18280472703056	-3.72233891695314
1.74114698856663	-4.01764865624869	2.10254666372650	-2.75086282228747
1.40824812661320	-3.85435730144049	1.14521568620282	-5.06283485907182
2.66762512141302	-1.89570213794227	2.65407333062811	-2.35132410875019
2.64743839287146	-3.43478950987572	2.85529370445812	-2.95373439922401
3.46612475368972	-2.28226949447250	3.59792552815315	-3.81949229313260
2.19058347924891	-3.10672938272729	3.13339673929025	-2.98866977151932
3.67578839962094	-2.46912405980651	3.20616235065631	-3.37558575423202
3.92048517166866	-1.35455574256341	4.26904864536004	-1.57516668377255
2.57038046509465	-3.46540989004389	3.28221799635285	-3.69899111502326
4.13030643292276	-2.20855560632347	2.37239685256837	-2.57587262831939
1.28141505066617	-4.41798527159319	-0.176059552466251	-4.96315092528001
0.619233501115097	-3.68522292288965	2.02483589686229	-3.59023035522542
4.02384439404815	-2.22926838659708	4.88064924433292	-4.38434110981929
2.46905059927782	-2.92559440759254	2.49801814600954	-2.10130685208312
3.28847865625306	-1.36347644225791	2.93764641793972	-1.69571848707450
1.55749571787766	-3.49511293265080	2.80578843284060	-3.33609094143514
4.27175832067666	-1.93274109062526	4.99622188115685	-0.923840720859689
5.39554602169628	-2.13305480183633	3.87987884395996	-2.64758653794211
2.01808113913927	-2.71783435983828	2.82418752414650	-2.61225969639757
2.93043973890868	-2.04644680504833	4.35492557047343	-1.52733429247837
2.89852872094171	-3.56513134774560	3.22088243177884	-3.14743668451807
1.76930506541732	-4.37875749442863	1.88757421880040	-2.88518798711468
1.81908539686850	-3.23678184889900	3.71439585462166	-2.91373249103023
4.43575642366437	-1.12264575826697	3.35833097021431	-1.36721706030845
2.56766169291763	-3.41168242144939	1.77345101827042	-3.02975798574133
4.05260114253289	-1.70103381255435	4.04663737948520	-2.05158294663711
1.98179357292387	-3.28740765539555	2.38164345292862	-3.02642274301530
2.04044410503388	-3.08782207676438	2.17919665328661	-4.64159547943362
2.88371188519021	-2.20728175381008	3.26047005859794	-2.29216508727591
3.21128379917169	-2.29978142031980	3.62022431133771	-3.88739437081225
3.60494163106036	-1.38705777627413	4.34914390931908	-2.15665773445408
2.39972406920690	-3.35180397833497	2.23083272179291	-4.71776888212768
5.22612755963615	-1.88864394257865	4.20439538210270	-0.498104412098032
3.60468908841058	-1.39948652283194	5.53066816537768	-2.25692219984126
2.30923038679183	-4.14909126835688	2.06358020474037	-4.51049978668409
2.02693913968162	-3.81794414758004	2.89762652845932	-3.56507145441512
3.21287735356559	-3.84785242881252	2.11991542793583	-2.80789466888379
4.13949975713093	-2.55282425542322	3.34183608006326	-2.85630017436868
3.68453016678568	-2.56131971139752	3.00606263422568	-1.11662972173541
2.49675592721935	-1.87888339862126	3.27071092844573	-3.54042884952000
2.48971752659131	-3.24745227075645	2.97599317736788	-2.12850387973896
4.19926363037513	-2.72454387410135	2.24043602644824	-2.20375755699652
3.17348713541398	-5.17711333583561	2.02635500530737	-3.03223199594476
1.57996346538477	-3.24506810642946	2.58197332088101	-4.28068844014805
3.18906069369679	-2.19985441834638	2.97307960598843	-2.78013154144274
2.20121886356545	-3.59405333475438	1.59452123951030	-2.25667586047103
3.42805942536949	-2.54690515001085	2.90604174023068	-3.86963229830132
2.79216625022257	-2.36460290985598	2.16864340840838	-3.53180974861972
1.10469175556313	-3.83732433675450	0.0962585381673096	-4.25231196925347
2.46387527531623	-2.50015655159308	1.87250871205871	-4.27167622771034
2.31681891060582	-3.18539849373563	3.70185737851857	-2.64020564168318
4.67848341647719	-1.65284411045517	3.50922603586506	-1.77140848123598
3.02837384789178	-3.50729640989255	1.94739823681900	-3.48178563602769
4.50602627661745	-2.65097465170714	3.69988549957915	-0.994100938058073
3.16643751423170	-1.63290579539122	4.16093667492310	-1.84851790809510
2.06195700739947	-3.87558090971871	2.20498916390147	-5.04369823771715
4.69182027522874	-1.36990936101923	4.03658357951581	-0.973772151503356
2.94332195563103	-1.66807037465600	3.21969528457544	-3.09937204805506
3.07897107085067	-2.41175805751622	3.15515093800512	-3.64248700996239
3.27538853474862	-3.87595670209660	3.02919952412036	-3.29004452239081
4.18050383060342	-0.904516546775437	4.27604723497650	-1.30776211403862
1.99339576519714	-3.67694451346735	2.75557319503869	-1.81300800168817
3.38172873114119	-2.40256330070898	3.68054477923861	-2.77342525404692
1.62251201892012	-3.87937146795680	2.69699671690696	-2.57165897556144
1.95267223652235	-4.00666219200305	1.00256430378621	-4.33133511004744
2.53110782713579	-2.48478318537975	2.43303841001370	-2.98276779284885
4.08887145917604	-1.10610839086509	3.87404101507920	-2.24835969351421
2.21612279842786	-3.41906463810695	1.24863874743157	-4.47098658022198
3.73526410178251	-2.14583980192798	4.12568086812006	-2.31084767081992
1.94501032413151	-3.96538746437546	1.94729400269041	-3.91718804751386
4.15485169409447	-1.97081562543489	4.75854520661282	-2.16713654796774
1.74047008795202	-3.55739012921605	3.18417771285567	-3.30358414951181
2.73921844885773	-2.27902287752726	2.59396226482894	-2.78369078779923
4.12533092136959	-2.21656740055693	2.73031711880508	-3.76447109881372
3.40750626689267	-2.78171702986214	1.16341610667090	-1.63997626792791
3.07851121640629	-1.48332699421089	3.47939106045457	-3.09842974837560
1.65977642296880	-4.19481895886042	2.45688776045920	-4.42554915563277
3.54376368610453	-1.97097214695311	3.59089903554831	-3.86269733093797
1.72368622746112	-2.19428954131065	3.02113370345255	-2.70429560731764
2.05826748058582	-3.65234576945321	1.88898682947120	-1.82427281215818
2.89065048403203	-3.12097674950873	2.24465444547814	-3.91903031762978
4.25587451217846	-2.58315510311885	3.51046902825166	-2.42348197617405
2.67572524270414	-3.12789152934640	1.70396542439819	-3.76748073860187
2.93727092421781	-2.71067183099379	1.90118794905620	-2.91244593057262
1.13124666454826	-3.64812029226572	0.859500104630075	-4.38087605563008
3.01920819678124	-2.49076547395424	2.53806647478165	-2.02464026764474
1.41832275456439	-4.85430563382222	0.942693740690471	-3.94149242768315
3.14827326860959	-2.24412668504609	3.40626427277230	-3.46956438839890
3.69441979705451	-3.32607606525717	4.49528422327146	-2.50022322697459
2.32768423881809	-2.68116387898293	2.32158291174278	-3.51016113742968
2.65066347472978	-2.88753962106981	2.13562798888704	-2.91250006149287
2.76033324448217	-1.98008624727197	4.48474654223892	-1.98911235095444
2.23769348010539	-3.85490427681104	1.36450413056537	-4.09425188168906
2.58137127804333	-3.33212188859143	2.62942186348999	-3.94296442716470
2.94299029732816	-3.10619216607118	4.18648745103655	-3.39944011123330
2.31368297205722	-4.39453433776139	1.03906831542633	-5.24199394497790
3.70080980263036	-2.04068629143118	2.67262452296234	-3.14632363710120
2.62654222339042	-2.90737466754109	3.45271989241803	-3.72156513771257
4.73959918092815	-2.63465946097951	3.66908002456159	-1.35121281704124
1.83112139582049	-1.92057934156559	4.32367324924071	-0.902605668195551
2.34736959716364	-2.45470562616619	3.25465679234751	-2.13568032900810
5.57800163559764	-0.613430870956324	4.76812436755499	-0.942293943954910
2.38801672464599	-2.38911745987889	2.30605805901624	-3.20695289157568
0.666829468910898	-2.81099413106685	3.01543695756672	-3.22478143558440
1.93065949987467	-3.48562347301283	2.36552754605358	-3.03526868260987
2.33941499950764	-3.66819558482477	4.14604213115569	-1.85764063132261
5.11239265695299	-1.13934448110755	3.67731067494033	-1.83053287724421
2.29003732743668	-2.31394291000648	1.59128284198981	-2.87367932178234
3.67457194119772	-2.12110817263326	3.83971815297383	-2.20980897684791
3.73717310381511	-2.26792147109770	2.45210251974269	-3.56068383288158
2.65590910172627	-4.80408403477111	1.00683314230369	-4.11339814806115
3.44051456466301	-0.593394643300346	3.51169808723128	-2.05603632080451
4.38905253535696	-3.29825005913367	2.31095960891797	-2.62408204334042
3.02576713068343	-2.73119437596021	3.69767273708835	-1.76437564041414
3.37931176792842	-4.32710296179996	2.61732650951544	-3.22361086856548
1.44473480410681	-3.08543647149030	2.09786334305270	-4.30329128808094